0, 0
0, 1
1, 266
1, 290
1, 340
1, 612
1, 614
1, 615
1, 617
1, 620
1, 655
1, 656
1, 661
1, 665
1, 666
1, 670
1, 671
671, 711
1, 672
1, 757
1, 758
758, 840
1, 795
1, 796
1, 825
1, 898
1, 905
1, 909
1, 1003
1003, 1004
1, 1019
1019, 1041
1041, 1063
1063, 1065
1063, 1078
1078, 1214
1078, 1253
1253, 1303
1303, 1307
1303, 1570
1253, 1704
1704, 1714
1714, 1858
1714, 1948
1948, 1970
1970, 2038
1948, 1981
1981, 4951
1948, 1985
1714, 4413
4413, 4433
4433, 4536
4413, 4446
4413, 4502
4413, 4918
1078, 1377
1078, 1383
1078, 1387
1078, 1391
1078, 1393
1078, 1401
1078, 1403
1078, 1404
1078, 1410
1078, 1416
1078, 1417
1078, 1418
1078, 1421
1078, 1424
1078, 1428
1078, 1435
1078, 1438
1078, 1490
1078, 1505
1078, 2091
1, 1027
1, 1045
1045, 1046
1045, 1075
1045, 1220
1220, 1225
1045, 1227
1045, 1271
1271, 1548
1271, 1906
1271, 1936
1045, 1276
1045, 1314
1045, 1326
1045, 1322
1045, 1334
1045, 1343
1045, 1352
1045, 1359
1045, 1363
1045, 1367
1045, 1371
1045, 1464
1464, 1564
1045, 1590
1590, 1599
1045, 1584
1045, 1620
1045, 1641
1, 1059
1, 1176
1176, 1177
1, 1186
1186, 1188
1, 1192
1192, 1193
1, 1198
1198, 1199
1, 1259
1, 1288
1, 1287
1, 1309
1, 1351
1, 1376
1, 1467
1, 1465
1, 1706
0, 2
2, 3
2, 4
2, 6
2, 8
2, 9
2, 10
2, 11
2, 12
2, 13
2, 14
2, 15
2, 16
2, 17
2, 18
2, 20
2, 21
2, 22
2, 23
2, 24
2, 26
2, 27
2, 28
2, 29
2, 30
2, 32
2, 33
2, 34
2, 35
2, 36
2, 38
2, 39
2, 40
2, 41
2, 42
2, 43
2, 44
2, 45
2, 46
2, 47
2, 48
2, 49
2, 50
2, 51
2, 52
2, 53
2, 54
2, 57
2, 58
2, 59
2, 104
2, 105
2, 106
2, 107
2, 108
2, 109
2, 115
2, 124
2, 129
2, 142
2, 198
2, 199
2, 203
2, 205
2, 215
2, 226
2, 227
2, 228
2, 274
2, 317
2, 319
2, 321
2, 322
2, 323
2, 324
2, 326
2, 327
2, 328
2, 329
2, 330
2, 331
2, 332
2, 333
2, 334
2, 335
2, 337
2, 358
2, 362
2, 425
2, 426
2, 427
2, 3907
2, 4351
2, 4411
2, 4522
2, 4523
2, 4581
2, 4801
2, 4898
2, 4947
